[gd_scene load_steps=5 format=3]

[ext_resource type="PackedScene" path="res://game/blocks/generic/cube.tscn" id="1_f6hcg"]
[ext_resource type="Script" path="res://game/blocks/generic/cube.gd" id="2_8wiqx"]
[ext_resource type="PackedScene" path="res://game/blocks/generic/cylinder.tscn" id="3_58sy7"]
[ext_resource type="Script" path="res://game/blocks/generic/cylinder.gd" id="4_j3q1r"]

[node name="GameLevel" type="Node3D"]

[node name="Block0" type="RigidBody3D" parent="." instance=ExtResource("1_f6hcg")]
transform = Transform3D(0.00442375, -0.0897813, 0.995952, 0.99999, -2.79523e-06, -0.00444194, 0.000401586, 0.995961, 0.0897804, 0.6, 5.6, -0.3)
sleeping = true
freeze = true
linear_velocity = Vector3(-2.58237e-05, -2.7433e-05, -3.57479e-05)
angular_velocity = Vector3(-7.98255e-05, 1.3459e-05, 9.44734e-06)
script = ExtResource("2_8wiqx")

[node name="Block1" type="RigidBody3D" parent="." instance=ExtResource("1_f6hcg")]
transform = Transform3D(1, -5.35111e-07, 1.54538e-05, 5.35102e-07, 1, 5.69898e-07, -1.54538e-05, -5.6989e-07, 1, -1.80001, 0.490001, -1.21854e-05)
sleeping = true
freeze = true
linear_velocity = Vector3(9.79751e-06, -4.49121e-05, 8.22544e-05)
angular_velocity = Vector3(5.80624e-05, -2.53414e-05, -4.35488e-05)
script = ExtResource("2_8wiqx")

[node name="Block2" type="RigidBody3D" parent="." instance=ExtResource("1_f6hcg")]
transform = Transform3D(0.999328, -0.000673797, -0.0366345, -0.000683392, -1, -0.000249369, -0.0366343, 0.000274237, -0.999329, -0.2, 3.4, 0.4)
sleeping = true
freeze = true
linear_velocity = Vector3(3.938e-05, -2.35974e-06, 3.55635e-05)
angular_velocity = Vector3(2.65709e-05, -2.81337e-05, -7.88771e-05)
script = ExtResource("2_8wiqx")

[node name="Block3" type="RigidBody3D" parent="." instance=ExtResource("3_58sy7")]
transform = Transform3D(0.833744, 0.000391166, 0.552151, -0.000165895, 1, -0.00045794, -0.552151, 0.000290205, 0.833744, 1.3, 3.6, -0.2)
sleeping = true
freeze = true
linear_velocity = Vector3(0.07093, -0.0176666, 0.0510315)
angular_velocity = Vector3(0.0510275, -3.15561e-09, -0.0709245)
script = ExtResource("4_j3q1r")

[node name="Block4" type="RigidBody3D" parent="." instance=ExtResource("1_f6hcg")]
transform = Transform3D(1, 0, 0, 0, 1, 0, 0, 0, 1, 0, 1, 0.6)
freeze = true
script = ExtResource("2_8wiqx")
