[gd_scene load_steps=6 format=3]

[ext_resource type="PackedScene" uid="uid://d4gvhsauefypo" path="res://assets/builtin/light_environment.tscn" id="1_tuour"]
[ext_resource type="PackedScene" uid="uid://bkgptl2ad3lsq" path="res://assets/robot_alpha/alpha_robot.tscn" id="2_7bb17"]
[ext_resource type="Script" path="res://assets/robot_alpha/alpha_robot.gd" id="3_40vdf"]
[ext_resource type="PackedScene" uid="uid://n13eyvcgqyfa" path="res://assets/demo/sphere_blender.tscn" id="4_6fdd8"]
[ext_resource type="PackedScene" uid="uid://boqqtvnanymuy" path="res://assets/cfr2023/sponge_cake.tscn" id="5_8ibb4"]

[node name="Scene" type="Node3D"]

[node name="Generic" type="Node3D" parent="." groups=["ENVIRONMENT"] instance=ExtResource("1_tuour")]
metadata/transform = Transform3D(1, 0, 0, 0, 1, 0, 0, 0, 1, 0, 0, 0)

[node name="AlphaRobot" type="Node3D" parent="." groups=["ROBOTS"] instance=ExtResource("2_7bb17")]
transform = Transform3D(1, 0, 0, 0, 1, 0, 0, 0, 1, -0.562888, 0, -0.687965)
script = ExtResource("3_40vdf")
speed = 15.0
collision_groups = 1
metadata/transform = Transform3D(0.904422, -0.00128337, -0.426636, 0.00156485, 0.999999, 0.000309194, 0.426635, -0.000947262, 0.904423, -0.500781, 0.491847, 8.53596)

[node name="SphereBlender" type="Node3D" parent="." groups=["PROPS"] instance=ExtResource("4_6fdd8")]
transform = Transform3D(1, 0, 0, 0, 1, 0, 0, 0, 1, -4.24961, 0, -1.68973)
metadata/transform = Transform3D(-0.206702, 0.932041, -0.297614, -0.353336, 0.212545, 0.911031, 0.912375, 0.29347, 0.28539, 28.5191, 0.498764, -4.17621)

[node name="SpongeCake" type="Node3D" parent="." groups=["PROPS"] instance=ExtResource("5_8ibb4")]
transform = Transform3D(1, 0, 0, 0, 1, 0, 0, 0, 1, -0.826116, 0, -3.8407)
metadata/transform = Transform3D(0.0257211, -0.000383728, -0.999669, 0.00394689, 0.999992, -0.000282301, 0.999661, -0.00393832, 0.0257224, 4.10752, 0.0916625, 6.97763)

[node name="SpongeCake2" type="Node3D" parent="." groups=["PROPS"] instance=ExtResource("5_8ibb4")]
transform = Transform3D(1, 0, 0, 0, 1, 0, 0, 0, 1, 0.887528, 0, 3.19411)
metadata/transform = Transform3D(0.0204729, -0.000143161, -0.99979, 0.00580279, -0.999983, 0.000262013, -0.999774, -0.00580694, -0.0204717, 6.45427, 0.0918934, -10.7312)

[node name="SphereBlender2" type="Node3D" parent="." groups=["PROPS"] instance=ExtResource("4_6fdd8")]
transform = Transform3D(1, 0, 0, 0, 1, 0, 0, 0, 1, -1.20558, 0, 6.07506)
metadata/transform = Transform3D(0.254238, 0.940686, 0.224663, -0.694302, 0.339236, -0.634716, -0.673282, 0.0053853, 0.739366, 45.3429, 0.498486, 6.53081)

[node name="AlphaRobot2" type="Node3D" parent="." groups=["ROBOTS"] instance=ExtResource("2_7bb17")]
transform = Transform3D(1, 0, 0, 0, 1, 0, 0, 0, 1, -0.827867, 0, 3.92523)
script = ExtResource("3_40vdf")
speed = 10.0
collision_groups = 1
metadata/transform = Transform3D(0.999978, 0.00363974, -0.00556486, -0.00365784, 0.999988, -0.00324527, 0.00555298, 0.00326555, 0.999979, 0.831674, 0.494911, -6.71952)
