[gd_scene load_steps=6 format=3]

[ext_resource type="PackedScene" path="res://assets/cfr2023/table_2023.tscn" id="1_l8cg0"]
[ext_resource type="PackedScene" path="res://assets/cfr2023/cream_layer.tscn" id="2_pw4n3"]
[ext_resource type="PackedScene" path="res://assets/cfr2023/sponge_cake.tscn" id="3_b6e3j"]
[ext_resource type="PackedScene" path="res://assets/robot_alpha/alpha_robot.tscn" id="4_q1mnm"]
[ext_resource type="Script" path="res://assets/robot_alpha/alpha_robot.gd" id="5_sphit"]

[node name="Scene" type="Node3D"]

[node name="CFR2023" type="Node3D" parent="." groups=["ENVIRONMENT"] instance=ExtResource("1_l8cg0")]
metadata/transform = Transform3D(1, 0, 0, 0, 1, 0, 0, 0, 1, 0, 0, 0)

[node name="CreamLayer" type="Node3D" parent="." groups=["PARTS"] instance=ExtResource("2_pw4n3")]
transform = Transform3D(1, 0, 0, 0, 1, 0, 0, 0, 1, 0.72885, 0.0499902, 2.53104)
metadata/transform = Transform3D(-0.989187, 0.00129977, 0.146655, 0.00239198, 0.999971, 0.00727137, -0.146641, 0.00754354, -0.989161, 0.116931, 0.0931459, -1.6974)

[node name="SpongeCake" type="Node3D" parent="." groups=["PARTS"] instance=ExtResource("3_b6e3j")]
transform = Transform3D(1, 0, 0, 0, 1, 0, 0, 0, 1, -0.955544, 0.0499902, 2.53789)
metadata/transform = Transform3D(-0.0284483, -0.00013709, 0.999595, 0.000932486, 1, 0.000163684, -0.999595, 0.000936765, -0.0284481, 0.629604, 0.0962604, -1.9195)

[node name="AlphaRobot" type="Node3D" parent="." groups=["PARTS"] instance=ExtResource("4_q1mnm")]
transform = Transform3D(1, 0, 0, 0, 1, 0, 0, 0, 1, -2.34652, 0.0499902, 4.54097)
script = ExtResource("5_sphit")
manual_control = true
speed = 6.0
collision_groups = 1
metadata/manual_control = true
metadata/transform = Transform3D(0.952895, 0.00435388, -0.30327, -0.00407532, 0.999991, 0.00155139, 0.303274, -0.000242391, 0.952904, -1.47069, 0.491942, 0.319143)
metadata/python_bridge_activate = false
metadata/python_bridge_port = 4243

[node name="SpongeCake_2" type="Node3D" parent="." groups=["PARTS"] instance=ExtResource("3_b6e3j")]
transform = Transform3D(1, 0, 0, 0, 1, 0, 0, 0, 1, -2.1653, 0.0499902, -0.982424)
metadata/transform = Transform3D(0.978703, -0.204961, 0.0114374, 0.204018, 0.965003, -0.164761, 0.0227324, 0.163585, 0.986267, 1.2242, 0.241255, 2.07431)

[node name="CreamLayer_2" type="Node3D" parent="." groups=["PARTS"] instance=ExtResource("2_pw4n3")]
transform = Transform3D(1, 0, 0, 0, 1, 0, 0, 0, 1, 1.48219, 0.0499901, 0.588689)
metadata/transform = Transform3D(0.997752, -0.00112682, -0.0670018, 0.00160151, 0.999974, 0.00703136, 0.0669922, -0.00712286, 0.997728, -0.359408, 0.0926229, 1.44401)

[node name="CreamLayer_3" type="Node3D" parent="." groups=["PARTS"] instance=ExtResource("2_pw4n3")]
transform = Transform3D(1, 0, 0, 0, 1, 0, 0, 0, 1, 2.81889, 0.0499907, 0.917312)
metadata/transform = Transform3D(0.999847, -0.00098471, 0.0174713, 0.000985002, 1, -8.11074e-06, -0.0174713, 2.53188e-05, 0.999847, -0.0188906, 0.0958314, 0.0826955)
